1
1
0.85
0.85
0.85
1
1
1
1
1
1
0.3
1
0
0.95
1
1
0
0.95
0.85
0.75
1
1
1
0.75
0.95
0.85
1
1
1
0.85
0.3
1
1
0.9
0.85
1
1
1
1
1
0.95
1
1
1
0
0.55
0.55
0.9
1
1
1
1
0
1
0.8
1
1
0.7
1
1
1
0.9
1
1
0.8
1
1
1
1
1
1
0.9
0
0.95
1
0.75
0.75
0.75
1
0.95
1
0.85
1
1
0.9
0.7
0.9
1
0.3
1
0.9
1
1
0.6
0
0
1
1
0
1
0
0.85
0
0
0
0
1
1
0
0
0
0
0
0
0
0
0
0
1
0.75
1
0.7
1
0.85
0.85
1
0.85
0
1
1
1
0
0.8
0
0.9
1
1
0.9
0.85
1
0.75
0.9
0
1
1
1
1
1
0
0
0.9
1
0.8
0.9
0
0.9
0.9
0
0
1
0.9
1
0
0