40
50
15
18
80
40
75
75
75
40
55
0
80
0
50
40
60
0
90
15
80
45
65
30
120
100
60
0
70
65
15
0
40
85
15
90
120
120
0
15
25
25
0
60
0
0
0
0
0
0
40
40
90
0
40
110
90
90
110
65
65
65
150
35
80
80
0
0
0
80
20
40
0
0
55
120
0
0
0
120
0
0
35
40
90
0
110
50
100
0
80
0
50
90
0
0
0
40
20
0
0
0
0
0
0
0
0
0
0
0
0
0
0
0
0
0
0
0
0
200
100
30
30
65
65
110
80
35
60
130
20
10
0
0
0
130
0
100
0
15
80
0
140
0
40
70
0
0
0
0
0
100
250
18
50
0
75
80
0
0
80
0
70
0
50